    0.1000000E+01    0.3658196E-01    0.3938175E+00   -0.5938360E-01    0.6441655E+00   -0.2114916E-01    0.1246720E+00   -0.1122084E+00    0.1000000E+01   -0.3975487E-01
    0.3658196E-01    0.1000000E+01    0.8126150E+00   -0.7543198E-01   -0.3578726E+00   -0.2503325E-01    0.5996743E+00    0.3534709E-01    0.3658196E-01   -0.9961538E+00
    0.3938175E+00    0.8126150E+00    0.1000000E+01   -0.2257442E+00   -0.2799956E+00   -0.4427463E-01    0.3031143E+00   -0.2728615E+00    0.3938175E+00   -0.8127203E+00
   -0.5938360E-01   -0.7543198E-01   -0.2257442E+00    0.1000000E+01    0.8210706E-01   -0.7438349E-01    0.2154577E-01   -0.1403999E+00   -0.5938360E-01    0.7432537E-01
    0.6441655E+00   -0.3578726E+00   -0.2799956E+00    0.8210706E-01    0.1000000E+01    0.1702723E-01    0.2757842E+00    0.2598226E+00    0.6441655E+00    0.3538776E+00
   -0.2114916E-01   -0.2503325E-01   -0.4427463E-01   -0.7438349E-01    0.1702723E-01    0.1000000E+01    0.4870530E-01   -0.1278584E+00   -0.2114916E-01    0.2538652E-01
    0.1246720E+00    0.5996743E+00    0.3031143E+00    0.2154577E-01    0.2757842E+00    0.4870530E-01    0.1000000E+01    0.5724473E+00    0.1246720E+00   -0.5965421E+00
   -0.1122084E+00    0.3534709E-01   -0.2728615E+00   -0.1403999E+00    0.2598226E+00   -0.1278584E+00    0.5724473E+00    0.1000000E+01   -0.1122084E+00   -0.3296878E-01
    0.1000000E+01    0.3658196E-01    0.3938175E+00   -0.5938360E-01    0.6441655E+00   -0.2114916E-01    0.1246720E+00   -0.1122084E+00    0.1000000E+01   -0.3975487E-01
   -0.3975487E-01   -0.9961538E+00   -0.8127203E+00    0.7432537E-01    0.3538776E+00    0.2538652E-01   -0.5965421E+00   -0.3296878E-01   -0.3975487E-01    0.1000000E+01
